Country Name,1995,1996,1997,1998,1999,2000,2001,2002,2003,2004,2005,2006,2007,2008,2009,2010
Aruba,0.0,0.0,0.0,0.0,0.0,0.0,0.0,0.0,0.0,0.0,0.0,0.0,0.0,0.0,0.0,0.0
Africa Eastern and Southern,0.0,0.0,0.0,0.0,0.0,43.32686831,43.61639362,43.2921732,51.02408764,53.53217352,56.31083622,66.32833037,72.79174183,75.92888792,82.64512789,82.52892352
Afghanistan,0.0,0.0,0.0,0.0,0.0,0.0,0.0,0.779684005,6.27787606,5.199075868,5.62974613,5.538590061,6.339159177,8.42079025,8.320093035,8.143218947
Africa Western and Central,0.0,0.0,0.0,0.0,0.0,15.06975069,19.87453311,16.52150892,23.26310701,29.1291522,30.98123971,28.34306666,27.20689899,26.78133902,28.13379686,25.67654941
Angola,0.0,0.0,0.0,0.0,0.0,36.49813456,69.27566183,49.54277102,56.25235649,71.21885114,61.80741733,77.38621939,104.1692303,141.3194762,168.3165379,110.251719
Albania,0.0,0.0,0.0,0.0,0.0,103.6627641,114.8712642,117.8663501,131.2148828,151.323064,155.2388378,167.4524371,177.0397762,186.6104581,205.8420889,229.0130448
Andorra,0.0,0.0,0.0,0.0,0.0,1253.855476,1315.086836,1434.427228,1341.501985,1309.313472,1505.770169,1381.510625,1487.636601,1880.948729,2078.767356,2971.21764
Arab World,0.0,0.0,0.0,0.0,0.0,234.6064721,262.6574381,259.6614802,250.4253768,259.4641135,256.2574894,277.6969219,295.1492436,293.958378,380.6500958,347.0809517
United Arab Emirates,0.0,0.0,0.0,0.0,0.0,1531.541789,1769.396364,1522.227309,1566.388202,1459.327558,1380.560703,1379.411693,1377.378991,1513.792991,2015.064633,1797.481195
Argentina,0.0,0.0,0.0,0.0,0.0,581.2878723,573.2688889,450.908227,462.6781553,455.2751061,528.5865565,598.0620246,701.6485087,780.8983686,921.5633546,998.1236766
Armenia,0.0,0.0,0.0,0.0,0.0,24.58636674,39.06210261,39.66341012,47.73442779,58.45489695,78.90730596,99.42595102,118.963571,120.3838565,127.6716927,123.6147708
American Samoa,0.0,0.0,0.0,0.0,0.0,0.0,0.0,0.0,0.0,0.0,0.0,0.0,0.0,0.0,0.0,0.0
Antigua and Barbuda,0.0,0.0,0.0,0.0,0.0,465.2140172,526.3614462,513.0559911,592.9595603,565.6562497,573.9284284,581.2411995,598.8493927,561.8562722,527.8405633,664.0691931
Australia,0.0,0.0,0.0,0.0,0.0,1546.11205,1617.186769,1747.290596,1821.461576,1970.386965,2042.232492,2165.829157,2329.742568,2394.393618,2603.525807,2610.692326
Austria,0.0,0.0,0.0,0.0,0.0,2007.494947,2033.057257,2156.010712,2250.391793,2371.380923,2456.832943,2619.596425,2740.327604,2969.805136,3051.106563,3112.898996
Azerbaijan,0.0,0.0,0.0,0.0,0.0,28.84026131,29.19617723,29.8487409,35.15905812,43.28289539,59.95159442,77.42576909,102.7196682,108.9744194,155.046741,145.4165428
Burundi,0.0,0.0,0.0,0.0,0.0,7.808410463,9.177581613,8.590898638,7.392162639,13.40069323,11.70302124,14.05581043,15.00103779,9.739117993,12.87961535,12.51307891
Belgium,0.0,0.0,0.0,0.0,0.0,1658.445085,1771.426274,1861.20197,2105.198998,2248.396505,2296.283976,2409.302618,2503.267687,2764.578458,2984.81589,3115.066767
Benin,0.0,0.0,0.0,0.0,0.0,13.93406206,16.7189787,13.49876318,12.64228384,14.47760068,13.72831546,15.02287961,13.15901969,12.90549929,17.1527082,16.67946693
Burkina Faso,0.0,0.0,0.0,0.0,0.0,8.657483816,9.248289361,10.35174319,10.208881,18.40761904,14.37811988,17.85212146,18.53011877,18.44416294,22.41420183,18.99920945
Bangladesh,0.0,0.0,0.0,0.0,0.0,8.013314292,6.376247868,8.083217723,8.701895724,9.213885939,9.336945579,10.77736625,11.96302873,11.62545483,11.976896,13.67515927
Bulgaria,0.0,0.0,0.0,0.0,0.0,222.3749727,263.0271344,325.866227,366.5109621,375.4330894,420.792562,412.9632921,438.3910935,497.6739233,501.7380717,584.1692846
Bahrain,0.0,0.0,0.0,0.0,0.0,934.46633,1028.54263,1079.685088,1099.5177,1036.204996,1019.104895,983.7376533,1001.931755,1003.415917,1337.32142,1277.760426
"Bahamas, The",0.0,0.0,0.0,0.0,0.0,382.7633686,411.6832185,408.5042171,437.352725,442.4003452,458.3461811,498.3630139,556.0522356,632.0877438,677.4049968,692.5760171
Bosnia and Herzegovina,0.0,0.0,0.0,0.0,0.0,168.133331,185.2377828,205.7520116,269.0745875,279.0338729,286.8626836,333.4488994,394.082119,454.0620433,533.5276275,557.5578013
Belarus,0.0,0.0,0.0,0.0,0.0,243.1635619,267.7804046,275.5193897,325.161425,375.7603294,438.5862048,440.7098115,495.0630354,486.6614148,476.4438349,576.2172394
Belize,0.0,0.0,0.0,0.0,0.0,105.8975942,141.2146734,150.4245367,153.9498577,157.0355018,167.6148601,191.249474,235.7129368,284.2736545,276.3967278,285.9889254
Bermuda,0.0,0.0,0.0,0.0,0.0,0.0,0.0,0.0,0.0,0.0,0.0,0.0,0.0,0.0,0.0,0.0
Bolivia,0.0,0.0,0.0,0.0,0.0,81.9059093,89.87677001,91.52592286,99.61798826,96.39340956,110.7856437,111.4534769,125.0021348,129.421558,154.8787692,155.2750851
Brazil,0.0,0.0,0.0,0.0,0.0,312.4859505,323.4750926,350.8772472,340.0773101,360.7293421,366.2894283,410.8681634,435.8305938,464.9806302,490.3461249,509.8301962
Barbados,0.0,0.0,0.0,0.0,0.0,360.3633119,381.8745474,414.8227039,515.3304174,617.864414,588.2033969,611.8417543,569.5509481,632.4746942,656.1511747,599.7213096
Brunei Darussalam,0.0,0.0,0.0,0.0,0.0,1575.186548,1601.145646,1656.856676,1736.746054,1729.147215,1550.7955,1428.406965,1504.789679,1475.625653,1848.102961,1646.460589
Bhutan,0.0,0.0,0.0,0.0,0.0,93.00495269,97.23427749,99.45887544,93.40812987,106.1107913,98.52802489,100.0740487,125.5346136,121.5378039,144.1004684,153.7480188
Botswana,0.0,0.0,0.0,0.0,0.0,267.0425531,292.6633719,331.3800497,332.7750646,325.8131234,289.857353,305.2478205,368.3956827,465.1251286,396.2462691,452.2063292
Central African Republic,0.0,0.0,0.0,0.0,0.0,10.62912572,9.979769564,9.97933368,10.61899535,10.69212772,7.823978275,9.775560353,10.4838944,7.049332305,6.371331457,5.189699397
Canada,0.0,0.0,0.0,0.0,0.0,1764.479732,1899.305254,1988.861009,2133.698598,2249.280233,2399.326366,2475.679269,2603.430726,2708.195346,2926.93124,3004.184661
Central Europe and the Baltics,0.0,0.0,0.0,0.0,0.0,416.2601953,465.0390281,524.6187459,580.1621249,609.4582136,657.5604181,713.2306682,785.9862501,912.9563887,974.9745909,1021.708156
Switzerland,0.0,0.0,0.0,0.0,0.0,960.0315287,1075.753738,1204.147632,1237.408871,1273.23434,1300.621448,1361.504937,1480.859647,1632.588617,1736.531194,1773.852825
Channel Islands,0.0,0.0,0.0,0.0,0.0,0.0,0.0,0.0,0.0,0.0,0.0,0.0,0.0,0.0,0.0,0.0
Chile,0.0,0.0,0.0,0.0,0.0,240.0420716,258.9287913,281.3392064,303.8598636,321.6080523,330.5638413,393.6159876,443.0503048,485.4910353,547.6325523,581.5836874
China,0.0,0.0,0.0,0.0,0.0,28.76226524,31.13399396,39.18721005,49.23513124,57.26596183,69.19995748,80.89145898,97.55465148,130.4890114,177.0140635,199.8628905
Cote d'Ivoire,0.0,0.0,0.0,0.0,0.0,16.87361135,14.67965387,15.54349915,14.67722501,16.12616522,15.62468819,16.91564467,18.21703543,19.68796734,22.45891721,20.71615808
Cameroon,0.0,0.0,0.0,0.0,0.0,13.45440727,16.89991186,19.95616704,20.06092452,17.65016122,16.73238712,17.30906419,15.83153501,15.618346,12.76396334,11.712924
"Congo, Dem. Rep.",0.0,0.0,0.0,0.0,0.0,0.269492481,0.447475733,0.444815221,1.022328376,0.882241178,1.096128405,1.195742044,1.357867105,1.707588166,1.83135757,2.452656521
"Congo, Rep.",0.0,0.0,0.0,0.0,0.0,19.58186958,36.23589295,17.07041091,19.78552378,17.53296338,18.59812128,25.59151646,25.00065126,49.12669169,29.82995417,42.67815242
Colombia,0.0,0.0,0.0,0.0,0.0,281.4791558,305.7058773,307.0003541,327.5749281,333.3117988,362.760373,412.6276269,448.5577243,483.0556134,540.3219757,547.555583
Comoros,0.0,0.0,0.0,0.0,0.0,15.69704698,9.820076462,18.24169045,16.52731038,15.47047636,14.39179581,13.64338014,12.31389818,9.79661094,8.730126593,8.940809719
Cabo Verde,0.0,0.0,0.0,0.0,0.0,91.24383752,102.9241023,108.182999,107.9956827,115.2620631,120.2944835,132.5171624,148.9756672,131.9703581,147.1270067,152.3240833
Costa Rica,0.0,0.0,0.0,0.0,0.0,332.6764791,343.9586516,384.4331381,404.9304619,404.6731443,416.3253903,488.1504683,540.430541,622.2766215,675.0823783,739.6797478
Caribbean small states,0.0,0.0,0.0,0.0,0.0,209.7677244,197.6785257,229.5708486,226.4184772,255.8200646,273.1153404,278.7711421,318.7555553,330.5455439,380.4109263,378.618708
Cuba,0.0,0.0,0.0,0.0,0.0,459.4381654,520.2816945,574.1543466,603.6433916,600.3434705,908.8451769,1105.458809,1657.71484,1790.312631,2002.536097,1842.690152
Curacao,0.0,0.0,0.0,0.0,0.0,0.0,0.0,0.0,0.0,0.0,0.0,0.0,0.0,0.0,0.0,0.0
Cayman Islands,0.0,0.0,0.0,0.0,0.0,0.0,0.0,0.0,0.0,0.0,0.0,0.0,0.0,0.0,0.0,0.0
Cyprus,0.0,0.0,0.0,0.0,0.0,466.5187581,513.5521817,590.4778549,605.2909135,583.1123636,630.5375946,708.9550656,769.6011023,883.2486047,944.699431,1009.073512
Czechia,0.0,0.0,0.0,0.0,0.0,819.1957772,902.0775216,992.6450974,1115.265906,1164.731519,1195.500374,1262.725149,1323.960525,1440.014169,1670.831075,1595.411359
Germany,0.0,0.0,0.0,0.0,0.0,2104.532538,2202.470044,2313.785042,2408.121918,2412.309707,2480.020025,2614.397936,2739.917384,2913.229785,3126.174334,3270.427142
Djibouti,0.0,0.0,0.0,0.0,0.0,32.84347012,29.40100605,30.73272711,36.99504909,36.80596014,37.44510596,49.02865752,52.04151805,58.03844496,60.48907787,60.94368163
Dominica,0.0,0.0,0.0,0.0,0.0,223.0488853,174.9447717,163.3706354,195.6629465,196.7081339,221.4056459,230.2036498,235.001733,266.1274905,270.9731529,305.5497754
Denmark,0.0,0.0,0.0,0.0,0.0,1933.697236,2077.977191,2237.818201,2305.620684,2482.004036,2603.643975,2876.165239,3052.819362,3309.464992,3643.718654,3852.935217
Dominican Republic,0.0,0.0,0.0,0.0,0.0,112.6296415,115.7039187,119.3615716,81.67400764,83.96078403,113.4711517,126.7694207,168.9956896,220.9939381,243.7689873,284.7599924
Algeria,0.0,0.0,0.0,0.0,0.0,213.9227979,258.7765006,262.8669572,278.5103697,269.3266567,257.1750824,272.160929,330.0897092,384.2573669,485.2108889,467.1841788
East Asia & Pacific (excluding high income),0.0,0.0,0.0,0.0,0.0,34.34154932,37.69987021,44.69358041,54.10917124,60.81757669,70.38513517,82.7086735,98.5945559,122.4534636,156.0532355,170.1117303
Early-demographic dividend,0.0,0.0,0.0,0.0,0.0,78.11518789,83.04933903,81.7278467,86.48298381,89.26739451,94.01187294,107.8911986,116.4143115,119.0050921,137.0482435,136.0281146
East Asia & Pacific,0.0,0.0,0.0,0.0,0.0,156.1500723,168.0214891,179.7290291,193.525671,207.7973712,226.4302556,246.1074671,272.2672054,302.0443151,343.7834623,369.3029117
Europe & Central Asia (excluding high income),0.0,0.0,0.0,0.0,0.0,182.6983912,203.6632576,231.6031444,254.0900344,273.4156535,312.5505037,376.360968,411.9061956,485.0012393,531.30014,507.8076328
Europe & Central Asia,0.0,0.0,0.0,0.0,0.0,871.3833147,940.9039611,1020.027405,1075.552008,1133.12808,1200.095249,1309.856737,1381.699312,1513.280137,1610.475737,1636.330031
Ecuador,0.0,0.0,0.0,0.0,0.0,56.35720435,76.90142505,89.96213108,109.2052967,123.87765,128.3904006,146.6185193,170.2064581,186.1796234,210.4307294,258.0586196
"Egypt, Arab Rep.",0.0,0.0,0.0,0.0,0.0,101.76912,112.5467996,117.8056365,106.4913316,105.6207094,112.2658139,133.0136363,128.9908281,135.3195385,139.821883,129.8934314
Euro area,0.0,0.0,0.0,0.0,0.0,1604.340573,1711.157466,1822.44654,1891.1416,1961.110511,2055.036021,2199.572118,2301.307316,2477.534608,2623.325397,2686.903806
Eritrea,0.0,0.0,0.0,0.0,0.0,24.81248305,23.41472608,28.00000527,21.01240284,19.63641939,11.08818028,10.67619226,16.25270299,15.86796769,12.13951314,13.28185475
Spain,0.0,0.0,0.0,0.0,0.0,1064.26795,1123.731515,1205.236093,1358.511171,1441.127945,1539.970621,1749.33568,1877.373753,2056.073996,2200.124092,2154.977625
Estonia,0.0,0.0,0.0,0.0,0.0,368.908144,384.600974,416.8123219,484.1108571,548.8933498,620.5156508,686.9174731,828.8375582,993.1141698,1034.111538,1013.073423
Ethiopia,0.0,0.0,0.0,0.0,0.0,8.58103244,10.33596937,10.687489,11.31510888,7.475847385,10.91739966,7.851502529,10.39162437,4.399871962,8.266248385,9.534834233
European Union,0.0,0.0,0.0,0.0,0.0,1351.289674,1448.514477,1552.478505,1621.191322,1685.179477,1769.691532,1899.122098,1998.895363,2166.316829,2297.568496,2359.733345
Fragile and conflict affected situations,0.0,0.0,0.0,0.0,0.0,45.77389033,52.75465281,51.60487988,59.52729932,72.22696377,69.02786961,81.9041122,83.75213602,73.33672253,79.15792586,73.15520448
Finland,0.0,0.0,0.0,0.0,0.0,1438.631739,1536.109635,1676.161931,1782.975594,1957.322318,2066.929858,2247.598394,2404.809508,2636.19491,2749.126433,2797.293153
Fiji,0.0,0.0,0.0,0.0,0.0,162.6300641,133.171933,145.8981087,150.3179395,160.6356879,180.3786848,192.0423004,193.1589045,175.635048,172.148159,177.7804837
France,0.0,0.0,0.0,0.0,0.0,1829.739262,1953.290229,2099.873045,2075.986521,2160.012396,2274.781327,2418.288949,2517.082024,2617.758545,2781.978698,2855.272337
Faroe Islands,0.0,0.0,0.0,0.0,0.0,0.0,0.0,0.0,0.0,0.0,0.0,0.0,0.0,0.0,0.0,0.0
"Micronesia, Fed. Sts.",0.0,0.0,0.0,0.0,0.0,36.79399344,40.03579318,37.97167799,48.91953985,53.90539885,65.21577506,66.32093532,63.38415629,76.24063893,57.88469698,63.01254248
Gabon,0.0,0.0,0.0,0.0,0.0,142.2029863,171.6768631,160.9029916,195.1585358,185.9275168,146.4780799,163.8132894,178.0053846,146.3967548,208.7419851,221.5617692
United Kingdom,0.0,0.0,0.0,0.0,0.0,1460.452073,1607.714389,1787.562408,1933.360991,2154.60759,2244.521764,2460.407776,2520.799,2717.270851,2873.623666,2955.864321
Georgia,0.0,0.0,0.0,0.0,0.0,25.0450767,38.18004279,41.25359544,48.22902393,54.20720143,63.10288718,70.42440361,75.63497351,111.6389718,145.6515255,144.3672368
Ghana,0.0,0.0,0.0,0.0,0.0,19.34884961,27.44391165,18.60010721,22.8330121,21.06719417,45.54495344,48.26731556,54.72582415,62.27233111,79.02909726,91.9139836
Gibraltar,0.0,0.0,0.0,0.0,0.0,0.0,0.0,0.0,0.0,0.0,0.0,0.0,0.0,0.0,0.0,0.0
Guinea,0.0,0.0,0.0,0.0,0.0,3.37144464,4.332320669,7.967288725,5.366178999,3.155160906,3.9536072,3.647078826,3.788449303,4.397958189,4.128025876,5.95673968
"Gambia, The",0.0,0.0,0.0,0.0,0.0,18.2635935,19.47654577,16.5181005,18.91565845,15.53028067,15.8836378,17.09939826,14.00608411,15.17942908,19.64922408,20.69527783
Guinea-Bissau,0.0,0.0,0.0,0.0,0.0,34.75813016,32.47539104,20.39483963,27.44422287,38.29421143,33.40844683,31.25449464,33.12957263,30.18984338,36.07858499,14.93599258
Equatorial Guinea,0.0,0.0,0.0,0.0,0.0,24.05858982,23.58384448,22.72277887,42.05594713,40.74712141,49.8989943,67.1097274,84.0781017,98.95942688,190.2170607,128.9549458
Greece,0.0,0.0,0.0,0.0,0.0,873.6046115,1060.522706,1127.23209,1210.050909,1209.753962,1334.764145,1454.672769,1561.303228,1782.366267,1953.299553,1846.093461
Grenada,0.0,0.0,0.0,0.0,0.0,136.065802,156.6589166,207.1366987,183.2367784,222.8667787,241.1967828,200.0542816,212.8265286,212.6280046,219.6586617,208.1508759
Greenland,0.0,0.0,0.0,0.0,0.0,0.0,0.0,0.0,0.0,0.0,0.0,0.0,0.0,0.0,0.0,0.0
Guatemala,0.0,0.0,0.0,0.0,0.0,96.37339262,102.083797,103.3215507,110.5248774,112.4476375,108.1767875,126.3169024,128.2400939,137.5855535,146.999422,136.4903718
Guam,0.0,0.0,0.0,0.0,0.0,0.0,0.0,0.0,0.0,0.0,0.0,0.0,0.0,0.0,0.0,0.0
Guyana,0.0,0.0,0.0,0.0,0.0,88.93424081,85.22162169,94.35017333,95.14997154,98.01278486,100.1879713,100.8845101,111.2003375,117.5989119,136.5734269,142.9980802
High income,0.0,0.0,0.0,0.0,0.0,1502.11011,1629.374444,1743.67066,1842.031418,1948.133137,2055.650843,2203.70626,2319.256795,2461.093296,2620.034372,2707.342553
"Hong Kong SAR, China",0.0,0.0,0.0,0.0,0.0,0.0,0.0,0.0,0.0,0.0,0.0,0.0,0.0,0.0,0.0,0.0
Honduras,0.0,0.0,0.0,0.0,0.0,77.3647037,65.15838647,68.20630131,72.83100337,72.69977377,92.4258724,111.1367377,120.6093276,124.7825049,143.5396182,137.448598
Heavily indebted poor countries (HIPC),0.0,0.0,0.0,0.0,0.0,16.40197226,17.51429422,16.97634831,18.77926794,19.81887906,22.36597521,23.61971568,25.05723299,24.71603512,27.59110043,26.90269532
Croatia,0.0,0.0,0.0,0.0,0.0,689.6144107,687.3372765,619.5666086,701.0106888,762.6312948,898.1347223,1030.370924,1248.705218,1344.912994,1352.619589,1333.50707
Haiti,0.0,0.0,0.0,0.0,0.0,19.29695876,16.11565824,10.93013602,11.97357964,13.53395702,14.0753283,7.202906983,20.84645724,22.54511144,22.24478151,21.80863782
Hungary,0.0,0.0,0.0,0.0,0.0,552.5431252,602.4323773,715.0946892,878.5366733,877.9321678,957.3740651,1005.468007,931.4974129,994.364501,1016.594245,1077.473496
IBRD only,0.0,0.0,0.0,0.0,0.0,88.12960616,94.68328889,101.5429234,110.1766789,118.7665303,129.1879,149.9859143,167.1709037,190.5770516,219.6593403,227.0612588
IDA & IBRD total,0.0,0.0,0.0,0.0,0.0,73.6283366,78.961897,83.93781486,90.7472473,97.74523666,105.9613688,121.8142689,134.9412249,152.4808898,174.8542083,179.5464136
IDA total,0.0,0.0,0.0,0.0,0.0,19.76187027,21.33422092,21.40633927,22.26483814,24.597417,26.16940275,26.31156878,27.14830867,26.71020306,28.84201718,28.21437157
IDA blend,0.0,0.0,0.0,0.0,0.0,24.09150871,27.15990556,26.30889951,26.0437943,31.25610503,32.16956503,29.830315,29.99668067,29.32160859,31.27694853,30.17953122
Indonesia,0.0,0.0,0.0,0.0,0.0,28.02589232,41.1130804,37.58600847,48.01079193,46.84073437,49.25714915,59.97368933,79.25376883,74.97138542,78.49849165,55.72791141
IDA only,0.0,0.0,0.0,0.0,0.0,17.56689665,18.36742774,18.97377932,20.38649199,21.28514722,23.18273212,24.55955239,25.72855487,25.40561058,27.62230427,27.1994098
Isle of Man,0.0,0.0,0.0,0.0,0.0,0.0,0.0,0.0,0.0,0.0,0.0,0.0,0.0,0.0,0.0,0.0
India,0.0,0.0,0.0,0.0,0.0,17.74201556,17.9997567,17.84681254,18.77253856,19.40725886,22.7737826,24.21348475,26.23959506,29.49650238,35.36220921,36.8532188
Not classified,0.0,0.0,0.0,0.0,0.0,0.0,0.0,0.0,0.0,0.0,0.0,0.0,0.0,0.0,0.0,0.0
Ireland,0.0,0.0,0.0,0.0,0.0,1391.278625,1647.23936,1871.830295,2018.949948,2229.537136,2467.686878,2627.702927,2932.782636,3220.016067,3373.78706,3472.340127
"Iran, Islamic Rep.",0.0,0.0,0.0,0.0,0.0,188.298225,209.8670656,212.6373118,252.2467595,245.6464577,271.3562854,321.1031329,321.3144845,314.9988331,384.4246131,368.5756599
Iraq,0.0,0.0,0.0,0.0,0.0,0.0,0.0,0.0,82.57739925,250.5616252,188.9998184,162.6496768,217.3581662,274.9095696,339.1511618,288.725331
Iceland,0.0,0.0,0.0,0.0,0.0,2138.730027,2247.779025,2492.953047,2583.212302,2686.878442,2702.169625,2768.893617,2838.215232,2996.742573,2996.27985,2653.650029
Israel,0.0,0.0,0.0,0.0,0.0,1100.131137,1165.783572,1192.858159,1090.963396,1130.12097,1094.258929,1142.141426,1184.292395,1210.294692,1232.2342,1318.353985
Italy,0.0,0.0,0.0,0.0,0.0,1488.46137,1619.052003,1696.705724,1728.381567,1846.047883,1950.234969,2131.748817,2160.373128,2361.424037,2429.413711,2462.937526
Jamaica,0.0,0.0,0.0,0.0,0.0,205.8805271,159.7766078,189.4995374,147.5983304,184.6932251,172.6897029,163.1860219,225.395385,251.5284031,241.1570749,247.4039184
Jordan,0.0,0.0,0.0,0.0,0.0,260.7216302,285.7795322,305.0687194,293.5763734,266.6512278,374.2462109,351.1655687,417.1326977,485.6978758,605.6552922,540.1837156
Japan,0.0,0.0,0.0,0.0,0.0,1544.372514,1638.879714,1701.364886,1762.551567,1866.19802,1999.27986,2075.896469,2213.151822,2315.800811,2441.902468,2622.951062
Kazakhstan,0.0,0.0,0.0,0.0,0.0,160.1300251,171.7828472,187.7369223,219.4399599,278.9004354,341.4174652,352.0384748,301.2934391,396.6581668,468.1013615,347.9862956
Kenya,0.0,0.0,0.0,0.0,0.0,20.70537613,22.69001818,23.6777619,24.22037862,24.03384278,26.20249873,27.55051031,31.65777727,33.3314833,36.25466942,41.19034882
Kyrgyz Republic,0.0,0.0,0.0,0.0,0.0,39.48331817,39.51289804,44.07154955,48.55905725,54.40001155,90.03895086,104.9535791,84.91670999,87.24474008,107.3349569,104.6910679
Cambodia,0.0,0.0,0.0,0.0,0.0,13.94256285,13.87476299,17.44011943,20.07725421,20.65797499,21.07599399,18.59230361,20.93809546,23.60521435,27.86953898,32.96107031
Kiribati,0.0,0.0,0.0,0.0,0.0,125.7168846,176.4433032,175.2373767,160.1451125,186.3549183,182.3025559,158.859791,156.4918192,175.0650998,143.05942,137.5096015
St. Kitts and Nevis,0.0,0.0,0.0,0.0,0.0,318.7000785,321.5228853,331.0149108,350.3762027,384.6596763,445.7920411,474.3919972,456.2388336,439.7813324,465.4008266,458.757043
"Korea, Rep.",0.0,0.0,0.0,0.0,0.0,365.3571264,491.6690691,507.0109448,551.5898668,596.2305136,667.6191704,790.5813707,884.7020959,938.0353464,1024.697193,1131.455231
Kuwait,0.0,0.0,0.0,0.0,0.0,949.2268949,1485.39801,1443.148703,1486.18379,1390.505525,1304.064641,1241.092913,1345.470915,1356.29843,1769.638861,1695.850326
Latin America & Caribbean (excluding high income),0.0,0.0,0.0,0.0,0.0,269.6311133,279.4194225,284.0584139,290.7628888,306.7877397,326.7663224,364.4591538,406.3520982,439.1399188,479.1170245,497.3977016
Lao PDR,0.0,0.0,0.0,0.0,0.0,22.94536269,26.95660354,22.95306372,26.24241856,20.64003973,25.51525416,20.21529264,19.41821747,18.33882119,44.17052028,24.01628193
Lebanon,0.0,0.0,0.0,0.0,0.0,253.5116743,282.4550353,258.7211713,255.314977,286.7522743,292.1268019,368.2538916,401.2395732,384.3318491,366.7812376,444.7852545
Liberia,0.0,0.0,0.0,0.0,0.0,7.273156017,7.942095333,5.101430529,3.667919473,5.208289875,4.472246829,5.723894866,7.088245668,12.27079055,9.139345624,7.776170643
Libya,0.0,0.0,0.0,0.0,0.0,312.915891,405.9948877,591.0690758,550.8265612,486.99116,400.1607078,419.9281996,443.3744663,423.2115334,652.032473,660.1408109
St. Lucia,0.0,0.0,0.0,0.0,0.0,152.3188602,159.4254574,165.2211168,156.3408311,163.3502402,170.1608304,179.9906184,185.895153,202.9001027,224.7775704,228.872044
Latin America & Caribbean,0.0,0.0,0.0,0.0,0.0,276.0652475,287.5733096,290.9317268,297.810234,316.0935194,331.0274943,383.0608604,422.5272277,444.1126107,482.6436281,500.3457657
Least developed countries: UN classification,0.0,0.0,0.0,0.0,0.0,13.40135045,14.76170758,14.72969655,16.15434381,17.33802868,17.74335679,19.19320824,20.67922875,21.14228417,23.31789859,21.20664437
Low income,0.0,0.0,0.0,0.0,0.0,16.67673181,17.83616574,17.77001621,20.1603078,20.03144709,20.56429321,20.47198791,22.42693061,20.33091797,23.26109207,21.24145026
Liechtenstein,0.0,0.0,0.0,0.0,0.0,0.0,0.0,0.0,0.0,0.0,0.0,0.0,0.0,0.0,0.0,0.0
Sri Lanka,0.0,0.0,0.0,0.0,0.0,94.56378697,98.78986991,104.5249522,100.4950417,114.2258984,118.9121155,125.4999546,128.6788036,123.6358315,126.2946749,125.625924
Lower middle income,0.0,0.0,0.0,0.0,0.0,35.00401405,37.93554966,38.60577338,41.29283644,43.35805861,47.9108345,52.8103556,55.6331743,58.55450863,66.71946611,66.89824955
Low & middle income,0.0,0.0,0.0,0.0,0.0,68.36588675,73.16656348,77.99520283,84.63472931,91.08659091,99.97901469,114.1135193,127.4597783,144.9922418,167.484835,171.2522421
Lesotho,0.0,0.0,0.0,0.0,0.0,38.59450971,50.57829047,44.86143162,47.76275884,47.45935068,38.73435719,53.96854579,93.28985927,89.06169165,100.3661127,103.8373553
Late-demographic dividend,0.0,0.0,0.0,0.0,0.0,102.9168654,111.8130435,126.7050881,137.108611,148.4084619,164.4099212,190.5981419,215.1005529,257.8521137,303.2197445,318.0313547
Lithuania,0.0,0.0,0.0,0.0,0.0,350.9031229,396.5106857,467.3365825,552.157458,446.8758475,492.6598283,597.7644686,720.4250011,918.2923342,952.8399829,959.7380025
Luxembourg,0.0,0.0,0.0,0.0,0.0,2735.868673,3026.477464,3340.120649,3539.433808,4007.239588,4158.368232,4419.738925,4510.011975,5018.228755,5281.307508,5223.274079
Latvia,0.0,0.0,0.0,0.0,0.0,220.3806737,252.562837,286.7008123,300.501206,425.2783357,449.8064775,554.3205128,609.5630808,655.0851733,613.1187637,642.7637994
"Macao SAR, China",0.0,0.0,0.0,0.0,0.0,0.0,0.0,0.0,0.0,0.0,0.0,0.0,0.0,0.0,0.0,0.0
St. Martin (French part),0.0,0.0,0.0,0.0,0.0,0.0,0.0,0.0,0.0,0.0,0.0,0.0,0.0,0.0,0.0,0.0
Morocco,0.0,0.0,0.0,0.0,0.0,36.97820491,42.86137853,47.79896416,47.03620173,50.64174822,58.0587577,96.97929168,109.2049679,121.6634808,142.1143071,149.8119212
Monaco,0.0,0.0,0.0,0.0,0.0,1301.74523,1407.589552,1495.864264,1751.596795,1865.272391,1968.448065,2080.484723,2170.813021,2439.138593,2598.977594,2712.82883
Moldova,0.0,0.0,0.0,0.0,0.0,73.24572558,77.07358551,104.660053,103.250198,188.6499121,198.9061025,222.0199822,255.1278475,263.5268442,276.1858098,238.6244609
Madagascar,0.0,0.0,0.0,0.0,0.0,22.27395371,24.88681521,20.47086472,26.55688892,28.57669797,26.52678167,27.14293102,28.63861057,22.40312028,18.66909829,27.90482295
Maldives,0.0,0.0,0.0,0.0,0.0,268.3756985,194.3008533,198.4230912,211.7312974,243.9902511,276.1921404,349.5250834,494.4242875,870.3842205,714.8840007,578.0099303
Middle East & North Africa,0.0,0.0,0.0,0.0,0.0,263.7610298,294.4865909,293.3019471,288.2775926,294.581269,295.9178859,324.5576003,339.2111712,338.2203267,425.6779616,398.1357096
Mexico,0.0,0.0,0.0,0.0,0.0,225.4356239,237.0252232,244.0578188,279.0575561,314.5607881,313.6731039,336.6534321,364.15014,394.5421804,421.4617886,445.5909117
Marshall Islands,0.0,0.0,0.0,0.0,0.0,192.8906362,171.8129536,144.3795733,137.4139256,154.5340735,140.2956676,108.4151962,196.4422852,144.9518167,149.2045682,133.4068235
Middle income,0.0,0.0,0.0,0.0,0.0,72.02201294,77.13865963,82.65506316,89.68762246,96.74949511,106.4177696,121.8513502,136.3046918,155.6788548,180.0701603,184.5394901
North Macedonia,0.0,0.0,0.0,0.0,0.0,288.2374551,273.2643685,296.0384724,319.7366333,331.4251221,336.5430927,359.1164355,370.5437707,436.9384086,442.0872287,453.4382173
Mali,0.0,0.0,0.0,0.0,0.0,14.28947645,13.32366883,14.24010846,19.50733098,22.14592192,20.70265062,18.92115431,15.84172614,11.76496353,11.2100284,11.58546284
Malta,0.0,0.0,0.0,0.0,0.0,869.1704752,893.3837512,1067.000422,1157.852539,1210.105386,1339.865492,1408.18623,1371.319409,1355.656031,1376.046298,1476.660077
Myanmar,0.0,0.0,0.0,0.0,0.0,2.548047063,2.672701135,4.448850941,3.434921767,4.125971684,3.228372659,5.922000446,5.129801335,4.694265451,5.379276455,5.881712071
Middle East & North Africa (excluding high income),0.0,0.0,0.0,0.0,0.0,136.154524,154.8623801,162.7652121,163.4090998,174.4595869,176.0948031,196.8868203,210.9491161,223.9857414,265.9708798,254.2341353
Montenegro,0.0,0.0,0.0,0.0,0.0,0.0,0.0,0.0,0.0,0.0,0.0,0.0,0.0,0.0,0.0,0.0
Mongolia,0.0,0.0,0.0,0.0,0.0,154.3193243,133.161422,143.1267949,120.7863533,129.6813319,121.6927996,147.9285583,191.9057661,235.3649211,222.9003696,186.5491329
Northern Mariana Islands,0.0,0.0,0.0,0.0,0.0,0.0,0.0,0.0,0.0,0.0,0.0,0.0,0.0,0.0,0.0,0.0
Mozambique,0.0,0.0,0.0,0.0,0.0,5.429170241,7.31222315,7.103415,7.504002218,7.703861755,10.47065636,9.222419936,10.18241987,11.11536163,12.25626085,12.49953892
Mauritania,0.0,0.0,0.0,0.0,0.0,14.36279363,16.48900877,26.6275772,25.08972669,24.16694623,30.69646705,30.186832,33.54062059,38.62922522,37.53434201,31.51460298
Mauritius,0.0,0.0,0.0,0.0,0.0,142.6188774,153.5648624,168.9815726,179.1447455,206.0257529,202.0525622,198.5199873,195.298128,197.1465782,232.562705,309.2336172
Malawi,0.0,0.0,0.0,0.0,0.0,12.77511419,9.950641908,8.868888477,11.22094465,8.635429853,10.98167965,10.32529414,8.792574078,17.45176009,14.28573019,16.08862222
Malaysia,0.0,0.0,0.0,0.0,0.0,166.7998518,192.3525002,203.0915602,237.3188095,243.7712857,232.7686379,304.3104981,315.2956636,324.4156866,357.9896078,343.0572059
North America,0.0,0.0,0.0,0.0,0.0,1987.80503,2181.634403,2357.570748,2524.580849,2697.725254,2861.167222,3072.875987,3235.939471,3413.204729,3613.177782,3745.959029
Namibia,0.0,0.0,0.0,0.0,0.0,248.1002746,256.6104099,282.2280115,300.7907431,322.8922662,307.7410433,306.9104375,365.4477563,332.3100968,277.134296,337.2141959
New Caledonia,0.0,0.0,0.0,0.0,0.0,0.0,0.0,0.0,0.0,0.0,0.0,0.0,0.0,0.0,0.0,0.0
Niger,0.0,0.0,0.0,0.0,0.0,8.533148065,9.165557244,9.943038951,8.858717369,9.716276463,16.87359388,19.04339845,14.18993523,15.51502254,15.23031775,13.75362504
Nigeria,0.0,0.0,0.0,0.0,0.0,14.11010218,22.03436631,15.52839679,28.80232451,40.14608181,41.04233937,33.79476465,31.34180005,29.0104513,27.56941008,21.09744554
Nicaragua,0.0,0.0,0.0,0.0,0.0,70.69865747,70.3036238,71.12474661,76.21807659,72.43583294,84.83958759,102.484912,120.122915,126.3626272,145.0545854,140.749135
Netherlands,0.0,0.0,0.0,0.0,0.0,1699.080548,1865.489292,2086.409773,2170.586189,2237.018919,2339.63927,2459.686474,2624.093574,2916.720363,3038.335311,3137.299971
Norway,0.0,0.0,0.0,0.0,0.0,2333.285596,2514.142411,2842.220627,2965.850647,3125.80533,3318.223007,3587.408142,3791.523686,4160.724725,4268.053326,4395.786627
Nepal,0.0,0.0,0.0,0.0,0.0,7.318566462,9.273619581,12.60803571,10.9659697,11.40819138,14.02151646,16.64449831,14.04912781,15.83525333,18.57944869,19.45884533
Nauru,0.0,0.0,0.0,0.0,0.0,1013.003991,752.8818668,515.0297163,420.9823457,196.5505498,390.2155881,517.3880673,635.6781712,594.7869047,328.2571585,442.8597157
New Zealand,0.0,0.0,0.0,0.0,0.0,1197.879264,1245.476369,1379.747754,1400.132608,1529.493916,1635.102999,1853.468531,1940.835587,2112.39063,2293.950525,2346.64688
OECD members,0.0,0.0,0.0,0.0,0.0,1337.626853,1448.804799,1551.764392,1637.300543,1735.533376,1829.449894,1964.818723,2071.063239,2206.241756,2341.036778,2424.199972
Oman,0.0,0.0,0.0,0.0,0.0,869.0952473,924.9925017,963.7290405,935.4566101,888.4271679,805.4622927,751.7497496,836.4399316,730.8622721,1113.854389,1090.498272
Other small states,0.0,0.0,0.0,0.0,0.0,282.1488422,305.8933149,331.162933,372.1521947,383.6133194,376.511293,394.0895463,428.5672221,448.4601857,507.7823914,506.1161039
Pakistan,0.0,0.0,0.0,0.0,0.0,26.01069606,25.38199687,28.50830571,17.19270539,19.84043395,19.82050383,18.05347749,19.09248657,16.80336069,20.39919044,21.095128
Panama,0.0,0.0,0.0,0.0,0.0,401.0550621,393.4843115,403.9414097,395.7021669,461.5205209,411.3426928,498.6457952,661.6388675,683.2739288,697.9955393,734.6803014
Peru,0.0,0.0,0.0,0.0,0.0,114.1308253,123.3069041,133.5779328,131.3977159,137.4509798,163.8443563,157.1853064,171.2978906,192.5274061,223.8175305,238.7332708
Philippines,0.0,0.0,0.0,0.0,0.0,46.67474452,41.02116431,35.77553451,42.79683355,44.85192755,54.17822644,56.45654537,58.76255111,60.771075,66.86201028,73.62467351
Palau,0.0,0.0,0.0,0.0,0.0,448.7850453,414.3311651,388.1353056,424.3355183,478.4612872,418.9740836,462.4236514,455.6078137,403.9577555,495.7225273,525.8138965
Papua New Guinea,0.0,0.0,0.0,0.0,0.0,35.40104737,34.22959101,35.2592755,30.43629506,38.09205898,36.19190851,37.39869271,39.85823724,37.70777317,40.47303028,36.54762148
Poland,0.0,0.0,0.0,0.0,0.0,384.899496,443.2134715,500.8629888,501.5225223,528.555147,552.843258,606.2358214,687.6413206,831.1796581,909.7255263,964.6007859
Pre-demographic dividend,0.0,0.0,0.0,0.0,0.0,15.22571927,18.96684882,16.59228064,23.83268328,36.15897606,33.73839181,32.48422325,35.18629186,38.45063981,42.85069664,36.48315537
Puerto Rico,0.0,0.0,0.0,0.0,0.0,0.0,0.0,0.0,0.0,0.0,0.0,0.0,0.0,0.0,0.0,0.0
"Korea, Dem. People's Rep.",0.0,0.0,0.0,0.0,0.0,0.0,0.0,0.0,0.0,0.0,0.0,0.0,0.0,0.0,0.0,0.0
Portugal,0.0,0.0,0.0,0.0,0.0,1136.767409,1185.703778,1290.756249,1345.086861,1446.184901,1556.651742,1466.182534,1494.470628,1597.903206,1711.118336,1819.166339
Paraguay,0.0,0.0,0.0,0.0,0.0,160.7222098,134.1531554,101.1840275,117.9549276,122.1119796,126.2261617,149.8792637,158.2279572,158.820649,206.8754135,230.8618686
West Bank and Gaza,0.0,0.0,0.0,0.0,0.0,0.0,0.0,0.0,0.0,0.0,0.0,0.0,0.0,0.0,0.0,0.0
Pacific island small states,0.0,0.0,0.0,0.0,0.0,125.6751021,116.5393904,119.1585968,118.3179618,124.3338029,141.7155679,144.5217323,148.8205508,136.175367,133.1614719,133.8469236
Post-demographic dividend,0.0,0.0,0.0,0.0,0.0,1518.810904,1647.665121,1769.534037,1874.146596,1986.771215,2105.606661,2261.289107,2386.077128,2535.898319,2689.615109,2787.899806
French Polynesia,0.0,0.0,0.0,0.0,0.0,0.0,0.0,0.0,0.0,0.0,0.0,0.0,0.0,0.0,0.0,0.0
Qatar,0.0,0.0,0.0,0.0,0.0,1061.664024,1309.158146,1437.140155,2478.418326,2541.914921,2155.867476,2007.54476,1793.05851,1486.060251,1920.608432,1817.05875
Romania,0.0,0.0,0.0,0.0,0.0,194.9749036,224.4682011,262.3139893,336.4918235,362.2879662,422.1936011,463.2930767,553.8601162,680.3371883,688.1088549,780.1922592
Russian Federation,0.0,0.0,0.0,0.0,0.0,217.5310256,239.5859235,276.6843135,296.8706058,305.9338722,368.8605767,469.1786049,524.4056084,661.880435,725.8419339,668.0367563
Rwanda,0.0,0.0,0.0,0.0,0.0,4.052698059,4.713124155,5.784061022,17.87995963,16.0857194,14.79929155,14.88740192,18.86553717,21.62432168,23.38204063,26.80974101
South Asia,0.0,0.0,0.0,0.0,0.0,18.69414903,18.74494589,19.00927152,18.47742573,19.46584007,22.10064458,23.24076786,25.03012485,27.24770402,32.12697146,33.43717967
Saudi Arabia,0.0,0.0,0.0,0.0,0.0,1160.633409,1219.260363,1115.61426,1157.675535,1117.069965,1140.968122,1237.770309,1181.482853,927.868934,1301.659088,1085.383569
Sudan,0.0,0.0,0.0,0.0,0.0,37.26516087,33.9232343,35.86206167,42.29397979,55.41830853,59.95445097,71.26096031,86.95724363,75.82417435,109.922728,70.47943023
Senegal,0.0,0.0,0.0,0.0,0.0,25.28946212,29.74982688,27.93852043,33.79441108,37.31265331,38.35812437,43.46078698,33.50322024,36.2852892,37.08776791,31.1796801
Singapore,0.0,0.0,0.0,0.0,0.0,529.0810198,382.0085432,474.6341899,634.7988307,541.8389821,576.9133576,624.1272354,641.74681,805.6099153,780.5189716,850.6579132
Solomon Islands,0.0,0.0,0.0,0.0,0.0,69.67704142,86.74770543,79.69210813,77.15631648,77.10442403,107.4171103,93.09788184,92.26860805,61.89746033,61.52207361,62.7166391
Sierra Leone,0.0,0.0,0.0,0.0,0.0,21.01336491,15.72490033,21.31243755,17.88076608,18.04085561,15.53335245,10.2785862,11.04982144,6.822919682,10.17674963,14.38155569
El Salvador,0.0,0.0,0.0,0.0,0.0,174.0518574,173.5837036,186.3071033,186.7662009,199.5441288,223.4470329,255.7542195,242.524079,250.5244817,247.2006254,270.9528225
San Marino,0.0,0.0,0.0,0.0,0.0,2135.791757,2278.647889,2061.25776,1934.950333,2041.535065,2135.706731,2371.49182,2613.30256,2927.47289,3054.517776,3005.615756
Somalia,0.0,0.0,0.0,0.0,0.0,0.0,0.0,0.0,0.0,0.0,0.0,0.0,0.0,0.0,0.0,0.0
Serbia,0.0,0.0,0.0,0.0,0.0,243.2780531,281.398246,395.5876376,408.95224,451.227206,496.8606034,540.924244,641.4777814,739.6562955,720.8111825,742.2905995
Sub-Saharan Africa (excluding high income),0.0,0.0,0.0,0.0,0.0,31.44195841,33.6116471,32.00691254,39.30865681,43.22405343,45.60171394,50.28255717,53.54129392,55.18595742,59.63647263,58.86395251
South Sudan,0.0,0.0,0.0,0.0,0.0,0.0,0.0,0.0,0.0,0.0,0.0,0.0,0.0,0.0,0.0,0.0
Sub-Saharan Africa,0.0,0.0,0.0,0.0,0.0,31.50691517,33.67315201,32.06758105,39.37103113,43.27794744,45.65718081,50.34058844,53.59694683,55.22744124,59.67534618,58.91899658
Small states,0.0,0.0,0.0,0.0,0.0,254.3265493,267.7061519,293.091281,322.9285471,338.2044209,338.3643004,352.8686891,387.0290753,403.6804694,457.552917,456.480129
Sao Tome and Principe,0.0,0.0,0.0,0.0,0.0,60.90451102,66.1684784,69.34799891,118.4141373,105.6368649,110.3145877,13.20473564,41.4378536,32.77607605,45.86200252,58.34287094
Suriname,0.0,0.0,0.0,0.0,0.0,235.1901502,157.1708761,216.8452228,202.4789907,251.2954156,257.8845379,315.7292395,320.4429616,273.0856505,305.6786501,279.83409
Slovak Republic,0.0,0.0,0.0,0.0,0.0,526.8024735,582.0136526,644.7266702,672.0222479,763.7618168,823.7407719,902.7726856,1047.024648,1234.008146,1315.123479,1382.925543
Slovenia,0.0,0.0,0.0,0.0,0.0,1003.50962,1054.069876,1176.267056,1230.985412,1301.309053,1379.433997,1446.105902,1460.189318,1687.186945,1699.851584,1726.085527
Sweden,0.0,0.0,0.0,0.0,0.0,1835.414857,1945.286449,2100.302076,2204.011731,2280.665059,2301.598652,2511.164823,2709.251215,2866.338482,2928.216358,2909.327127
Eswatini,0.0,0.0,0.0,0.0,0.0,111.0682188,112.2516769,119.8541867,151.5429149,166.0859036,217.3028138,224.257363,259.4700673,314.7023931,321.131757,318.0979638
Sint Maarten (Dutch part),0.0,0.0,0.0,0.0,0.0,0.0,0.0,0.0,0.0,0.0,0.0,0.0,0.0,0.0,0.0,0.0
Seychelles,0.0,0.0,0.0,0.0,0.0,547.4882843,534.8686636,524.4763872,565.2109618,511.7222432,538.7131273,569.5218605,562.7529402,436.755241,425.7805893,584.9964646
Syrian Arab Republic,0.0,0.0,0.0,0.0,0.0,51.79402376,63.41962549,77.72701261,88.26123803,82.27557459,85.05459083,76.55801325,76.77967363,70.31874019,75.03556438,71.42815908
Turks and Caicos Islands,0.0,0.0,0.0,0.0,0.0,0.0,0.0,0.0,0.0,0.0,0.0,0.0,0.0,0.0,0.0,0.0
Chad,0.0,0.0,0.0,0.0,0.0,17.46651261,17.14215924,20.7299828,19.29052083,27.96156061,22.38377223,15.58612454,16.43765784,12.96620717,15.30925303,15.61252811
East Asia & Pacific (IDA & IBRD countries),0.0,0.0,0.0,0.0,0.0,34.34721406,37.70396559,44.69624669,54.11123094,60.81833185,70.38689734,82.71104415,98.59745514,122.4559883,156.0541483,170.1131668
Europe & Central Asia (IDA & IBRD countries),0.0,0.0,0.0,0.0,0.0,206.4036923,230.682734,260.7888166,284.4803304,305.1691301,344.9165801,407.2983776,451.1976814,532.9859478,579.6826103,567.9897824
Togo,0.0,0.0,0.0,0.0,0.0,3.753016842,4.204251293,4.534603856,5.304444788,6.191829878,6.725824235,7.751623657,8.431345629,8.554751748,10.20496229,17.38677143
Thailand,0.0,0.0,0.0,0.0,0.0,124.7653616,127.1224693,169.4286366,180.678231,192.4421303,205.1954237,244.0091807,283.7763782,315.4742714,318.1794297,324.8125074
Tajikistan,0.0,0.0,0.0,0.0,0.0,9.305388884,9.773723781,10.04642554,10.70106688,13.82141291,16.50584226,16.81316776,21.13359889,28.8978238,23.61007505,27.14079072
Turkmenistan,0.0,0.0,0.0,0.0,0.0,80.50596173,85.61422586,85.71722317,112.4520114,119.469649,114.6239981,98.83147295,99.77223342,78.40931162,101.7706433,113.8467663
Latin America & the Caribbean (IDA & IBRD countries),0.0,0.0,0.0,0.0,0.0,271.9222242,282.3884336,284.7072485,291.1092048,309.8823666,318.7959789,368.0082016,397.2314202,416.8000771,452.1631174,473.7081606
Timor-Leste,0.0,0.0,0.0,0.0,0.0,0.0,0.0,0.0,17.45129721,22.63715782,29.78160938,32.38399832,14.42605274,56.22896511,58.3989361,64.06144371
Middle East & North Africa (IDA & IBRD countries),0.0,0.0,0.0,0.0,0.0,136.154524,154.8623801,162.7652121,163.4090998,174.4595869,176.0948031,196.8868203,210.9491161,223.9857414,265.9708798,254.2341353
Tonga,0.0,0.0,0.0,0.0,0.0,79.35163277,89.72581516,100.7147963,97.62773938,98.60700662,107.4738553,120.1344335,137.4687802,133.3373485,133.5994042,127.6575055
South Asia (IDA & IBRD),0.0,0.0,0.0,0.0,0.0,18.69414903,18.74494589,19.00927152,18.47742573,19.46584007,22.10064458,23.24076786,25.03012485,27.24770402,32.12697146,33.43717967
Sub-Saharan Africa (IDA & IBRD countries),0.0,0.0,0.0,0.0,0.0,31.50691517,33.67315201,32.06758105,39.37103113,43.27794744,45.65718081,50.34058844,53.59694683,55.22744124,59.67534618,58.91899658
Trinidad and Tobago,0.0,0.0,0.0,0.0,0.0,220.5574421,259.3965254,319.1457121,357.7969013,384.8836674,482.946833,486.841902,536.3519448,511.1448737,735.9988196,715.0072238
Tunisia,0.0,0.0,0.0,0.0,0.0,155.8287538,163.7412023,174.3448548,186.0267504,199.5134535,207.5179261,228.6437354,255.7521927,273.1587478,298.1233146,324.8524198
Turkiye,0.0,0.0,0.0,0.0,0.0,269.4350615,300.9310598,328.7637048,342.3087372,382.122014,393.3366191,481.202248,533.0985648,606.0129434,681.2491059,678.7917857
Tuvalu,0.0,0.0,0.0,0.0,0.0,577.8254563,443.1289561,323.8221508,351.1657729,247.9887071,262.323365,280.4073827,289.3457932,310.8103052,312.5869617,388.6533275
Tanzania,0.0,0.0,0.0,0.0,0.0,7.762849568,12.0045902,15.55210725,18.46588724,26.27310458,33.24723785,39.62466423,33.98284768,41.23816174,28.14230355,28.76600934
Uganda,0.0,0.0,0.0,0.0,0.0,12.01525752,13.07631486,15.90134816,16.55162433,15.05020754,13.20643392,14.25750636,16.3382218,17.7201454,16.85786721,22.83568676
Ukraine,0.0,0.0,0.0,0.0,0.0,107.6145324,129.91245,153.8498427,205.5309843,221.757502,259.8684791,301.7363202,309.8721797,291.022808,301.2982471,305.1646866
Upper middle income,0.0,0.0,0.0,0.0,0.0,107.4891978,115.0914512,125.7310225,136.9704093,149.4298425,164.691845,191.2636733,218.1772137,255.1101925,297.1030857,307.7003401
Uruguay,0.0,0.0,0.0,0.0,0.0,429.8890545,484.4179983,478.0793412,532.1199789,494.2063962,441.3933735,498.1063816,535.7162178,734.8033169,793.7150291,868.9215128
United States,0.0,0.0,0.0,0.0,0.0,2012.092106,2212.367943,2397.77156,2567.217012,2746.643862,2911.55858,3138.066026,3304.99804,3490.284622,3688.40547,3827.503619
Uzbekistan,0.0,0.0,0.0,0.0,0.0,62.11230661,66.1655372,65.57127849,67.34346581,69.90223285,76.55245945,87.27853507,91.77559493,103.7465552,118.8389763,115.8949581
St. Vincent and the Grenadines,0.0,0.0,0.0,0.0,0.0,176.8979874,180.4606848,195.9820699,202.790703,203.9908015,210.9764022,212.6932807,220.5686253,250.8908436,270.5264673,270.6563079
"Venezuela, RB",0.0,0.0,0.0,0.0,0.0,391.7641029,426.1607599,389.9313112,382.9834972,444.6257529,381.1151896,693.682563,666.6621937,447.8087106,437.744751,428.8381662
British Virgin Islands,0.0,0.0,0.0,0.0,0.0,0.0,0.0,0.0,0.0,0.0,0.0,0.0,0.0,0.0,0.0,0.0
Virgin Islands (U.S.),0.0,0.0,0.0,0.0,0.0,0.0,0.0,0.0,0.0,0.0,0.0,0.0,0.0,0.0,0.0,0.0
Vietnam,0.0,0.0,0.0,0.0,0.0,34.01811613,32.76466285,38.47819336,38.1147507,50.95429352,55.87751784,63.29863303,68.49097914,73.44727764,76.38088526,100.2319097
Vanuatu,0.0,0.0,0.0,0.0,0.0,52.88770917,51.85821733,50.76134258,49.90537304,48.54628665,47.37697815,51.81948197,55.37171771,59.50470718,53.11841441,51.46994156
World,0.0,0.0,0.0,0.0,0.0,324.3465703,349.058182,370.086983,389.3261823,411.1869714,434.7210896,471.1894845,500.1623813,536.1740669,579.5487431,594.0255913
Samoa,0.0,0.0,0.0,0.0,0.0,116.9102539,111.8563219,129.5321295,113.8712442,128.8560363,153.3337115,167.6202392,176.291463,196.5366966,222.8816529,204.1416218
Kosovo,0.0,0.0,0.0,0.0,0.0,0.0,0.0,0.0,0.0,0.0,0.0,0.0,0.0,0.0,0.0,0.0
"Yemen, Rep.",0.0,0.0,0.0,0.0,0.0,65.54944193,70.7298584,68.3819644,72.66304347,61.36606528,55.0731215,55.8448301,55.3159389,58.11957751,48.15921923,45.26908095
South Africa,0.0,0.0,0.0,0.0,0.0,219.173157,204.0606496,204.3941986,257.0331264,267.6054902,289.1890676,366.6871985,401.2322615,428.0579224,471.7152355,510.8625847
Zambia,0.0,0.0,0.0,0.0,0.0,55.11119327,56.18984817,55.10706165,48.01820171,50.5932737,41.03690059,41.52143143,25.28165511,15.88884908,12.75403754,26.38510751
Zimbabwe,0.0,0.0,0.0,0.0,0.0,0.0,0.0,0.0,0.0,0.0,0.0,0.0,0.0,0.0,0.0,49.85298213
